AudioOffset:771
-
timing(0,175.00,4.00);
hold(0,5486,1);
hold(5486,10971,4);
(10971,2);
(11143,2);
(11314,2);
(11486,2);
(11657,2);
(11829,2);
(12000,2);
(12171,2);
(12343,2);
(12514,2);
(12686,2);
(12857,2);
(13029,2);
hold(13200,13371,3);
hold(13371,13543,2);
hold(13543,13714,1);
(13714,4);
(13886,4);
(14057,4);
(14229,2);
(14314,3);
(14400,1);
(14486,2);
(14571,3);
(14657,2);
(14743,1);
(14829,3);
hold(14914,15257,2);
hold(15257,15600,4);
hold(15600,15943,2);
hold(15943,16286,1);
(16286,2);
(16371,3);
(16457,4);
hold(16457,17486,2);
(16629,4);
(16800,4);
(16971,4);
(17143,4);
(17314,4);
(17486,4);
hold(17657,18171,3);
(17829,1);
(18000,1);
(18171,1);
hold(18343,18686,4);
(18514,2);
hold(18686,19029,3);
(18857,1);
hold(19029,19200,2);
(19200,4);
(19371,1);
(19543,2);
(19543,3);
(19714,4);
(19800,3);
(19886,4);
(20057,2);
(20229,4);
(20229,3);
hold(20400,21086,2);
(20571,1);
(20743,1);
(20914,1);
hold(21086,21429,3);
(21257,4);
(21429,2);
(21514,3);
(21600,1);
(21600,4);
(21943,2);
hold(21943,24000,1);
hold(22114,22286,3);
(22286,4);
hold(22457,22629,2);
(22629,3);
(22800,4);
(22800,3);
(22971,3);
(22971,2);
(23143,4);
(23229,3);
(23314,2);
hold(23486,23657,4);
(23657,3);
hold(23829,24000,2);
(24000,3);
(24171,2);
(24257,3);
(24343,4);
(24429,1);
(24514,2);
(24600,3);
(24686,2);
hold(24686,25029,1);
hold(24857,25029,3);
(25029,4);
hold(25200,25543,2);
(25371,3);
hold(25543,25714,4);
(25714,2);
hold(25714,26057,1);
(25886,3);
(25971,4);
(26057,3);
(26057,2);
hold(26229,26400,4);
(26400,1);
(26400,2);
(26571,3);
(26743,3);
(26914,2);
(27086,3);
hold(27086,27429,4);
(27257,2);
hold(27429,27943,1);
(27429,2);
hold(27600,27771,3);
(27771,4);
hold(27943,28457,2);
(28114,3);
(28286,4);
(28286,1);
hold(28457,28800,3);
(28629,2);
(28714,1);
hold(28800,29143,2);
hold(28971,29143,3);
(29143,1);
(29314,3);
hold(29486,29829,4);
hold(29657,29829,2);
(29829,3);
hold(30000,30171,1);
(30086,3);
hold(30171,30514,2);
hold(30343,30514,4);
(30514,3);
(30686,3);
(30857,1);
(31029,2);
(31029,1);
(31200,3);
(31200,4);
(31371,3);
(31457,1);
hold(31543,31886,2);
hold(31714,31886,4);
(31886,3);
(32057,1);
(32143,2);
(32229,1);
(32314,3);
(32400,2);
(32486,1);
(32571,4);
(32657,3);
(32743,2);
(32829,1);
hold(32914,33257,4);
(32914,3);
hold(33086,33257,2);
hold(33257,33429,1);
(33257,3);
hold(33429,33771,2);
(33600,4);
hold(33771,34114,4);
(33771,1);
(33943,2);
(33943,3);
hold(34114,34457,1);
(34200,3);
(34286,2);
(34286,4);
hold(34457,34800,3);
(34629,4);
(34629,1);
hold(34800,35143,2);
(34971,3);
hold(35143,35486,4);
(35229,3);
(35314,1);
(35400,2);
hold(35486,35657,3);
(35657,2);
hold(35657,36000,1);
hold(35829,36000,3);
(36000,2);
hold(36000,36172,4);
hold(36172,36514,3);
(36343,1);
hold(36514,36857,1);
(36514,4);
(36686,2);
(36686,3);
hold(36857,37200,4);
(36943,2);
(37029,3);
(37029,1);
hold(37200,37543,2);
(37372,4);
(37372,1);
hold(37543,37886,3);
(37714,2);
hold(37886,38229,1);
(37972,2);
(38057,4);
(38143,3);
(38229,4);
(38314,1);
(38400,2);
hold(38400,39086,3);
hold(38571,38743,4);
(38743,1);
hold(38914,39086,2);
(39086,4);
(39257,2);
(39257,3);
(39429,3);
hold(39429,39600,1);
hold(39600,39771,4);
(39771,3);
hold(39771,40457,2);
hold(39943,40114,1);
(40114,4);
hold(40286,40629,3);
hold(40629,40800,1);
(40629,4);
(40800,2);
hold(40971,41143,4);
(40971,3);
(41057,2);
hold(41143,41314,1);
(41314,2);
hold(41486,43200,4);
(41657,3);
hold(41829,43200,3);
(42000,2);
hold(42171,43200,2);
(42343,1);
hold(42514,43200,1);
(43371,4);
(43371,1);
(43543,3);
(43629,4);
(43714,2);
(43800,1);
hold(43886,44057,4);
hold(44057,44229,3);
(44229,4);
(44286,2);
(44343,3);
hold(44400,44743,1);
hold(44743,45086,2);
hold(45086,45429,3);
hold(45429,45771,4);
hold(45771,46114,1);
hold(46114,46457,4);
(46457,2);
(46543,3);
hold(46629,46800,1);
hold(46800,46972,2);
(46972,1);
(47029,3);
(47086,2);
hold(47143,47486,4);
hold(47486,47829,3);
hold(47657,47829,1);
hold(47829,48172,2);
hold(48172,48514,1);
hold(48514,48857,4);
hold(48857,49200,1);
hold(49200,49371,3);
hold(49371,49542,4);
hold(49542,49714,3);
(49714,4);
(49771,2);
(49828,3);
hold(49885,50228,1);
hold(50228,50571,2);
hold(50571,50914,3);
hold(50914,51256,4);
hold(51256,51599,1);
hold(51599,51942,4);
hold(51943,52114,2);
hold(52114,52371,1);
(52371,2);
hold(52457,52629,3);
hold(52628,52971,4);
hold(52971,53314,3);
hold(53314,53657,2);
hold(53657,53999,1);
hold(54000,54686,4);
hold(54342,54685,1);
(54686,3);
(54771,2);
(54857,1);
hold(54857,56229,3);
hold(55029,55200,4);
hold(55200,55371,2);
(55371,1);
hold(55371,55714,4);
(55543,2);
hold(55714,56057,2);
(55714,1);
hold(56057,56400,1);
hold(56400,56743,4);
hold(56743,57086,2);
(56829,3);
(56914,1);
hold(57086,57429,4);
(57257,3);
hold(57429,57600,1);
(57514,3);
hold(57600,58972,2);
(57600,4);
hold(57772,57943,1);
hold(57943,58114,3);
hold(58114,58457,1);
(58114,4);
(58286,3);
hold(58457,58800,3);
(58457,4);
hold(58629,58800,1);
hold(58800,59143,4);
(58886,3);
hold(59143,59486,1);
hold(59486,59829,3);
(59572,2);
(59657,1);
(59657,4);
hold(59829,60172,1);
(59914,4);
(60000,2);
(60086,3);
hold(60172,60343,4);
(60257,1);
(60343,3);
(60343,2);
(60514,2);
(60514,1);
(60686,4);
(60686,3);
(60771,2);
hold(60857,61200,3);
(60857,1);
(61029,2);
(61029,4);
(61200,4);
(61200,2);
hold(61371,61714,2);
(61371,4);
(61543,1);
(61543,3);
(61714,3);
(61714,1);
(61886,2);
(61886,4);
(62057,1);
(62057,3);
(62229,3);
hold(62229,62400,4);
(62400,2);
hold(62571,62743,1);
(62571,2);
(62743,4);
hold(62743,62914,3);
(62914,1);
hold(62914,63086,2);
(63086,1);
(63086,4);
(63171,2);
(63257,3);
(63343,2);
(63429,1);
(63429,3);
(63514,4);
(63600,2);
(63686,3);
(63771,4);
(63771,1);
(63856,3);
(63942,2);
(64028,3);
(64114,4);
(64114,2);
(64199,1);
(64285,3);
(64371,2);
hold(64457,65314,1);
hold(64457,65314,4);
(64629,3);
(64800,2);
(64886,3);
(64971,2);
(65143,3);
(65314,2);
(65400,3);
(65486,4);
(65486,1);
(65571,2);
(65657,3);
(65743,4);
hold(65829,66857,1);
hold(65829,66857,3);
(66171,2);
(66686,4);
(66857,2);
(66943,3);
hold(67029,67371,4);
(67200,2);
hold(67371,67714,3);
(67543,1);
hold(67714,68057,2);
(67886,4);
hold(68057,68229,1);
(68229,2);
(68229,4);
(68314,3);
(68400,1);
(68486,2);
(68571,3);
hold(68571,68829,4);
hold(68829,69086,2);
(68914,3);
hold(69086,69257,1);
hold(69257,69429,3);
(69429,1);
(69429,2);
(69514,4);
(69600,3);
(69686,2);
hold(69771,69943,3);
(69857,1);
(69943,2);
(70029,3);
(70114,4);
(70200,3);
(70286,2);
(70371,1);
(70457,2);
(70543,3);
(70629,4);
(70714,3);
(70800,2);
(70886,1);
(70971,2);
(71057,3);
(71143,4);
(71229,3);
hold(71314,72342,4);
hold(71314,72342,2);
(71656,3);
(72171,1);
(72342,3);
(72343,1);
hold(72514,73200,1);
(72685,3);
(73028,4);
hold(73199,73542,3);
(73371,1);
(73543,4);
(73629,2);
(73714,3);
(73714,1);
(73799,2);
(73885,4);
(73971,3);
(74056,2);
hold(74057,74914,1);
(74400,4);
hold(74571,74743,3);
(74743,2);
(74914,4);
(74914,3);
(75086,1);
(75171,2);
(75257,3);
(75343,4);
hold(75429,75771,2);
hold(75429,76286,3);
hold(75943,76286,4);
(76286,2);
(76371,1);
(76457,2);
(76457,4);
(76543,3);
(76629,4);
(76714,3);
hold(76800,77143,2);
(76800,1);
(77143,3);
(77229,4);
hold(77314,77657,3);
(77657,4);
(77829,1);
(77829,3);
(77914,2);
(78000,1);
(78086,2);
(78171,4);
(78171,1);
(78257,3);
(78343,4);
(78429,3);
(78514,4);
(78514,1);
(78600,3);
(78686,2);
(78771,1);
(78857,2);
(78943,3);
(79029,4);
(79114,3);
(79200,2);
(79286,1);
(79371,2);
(79457,3);
hold(79543,79886,4);
hold(79543,80229,2);
(79886,3);
(80057,1);
(80229,4);
(80400,2);
(80400,3);
(80571,1);
(80571,3);
hold(80743,80914,2);
(80914,1);
hold(80914,81600,4);
(81257,3);
hold(81600,81857,2);
(81771,4);
hold(81857,82114,3);
(81943,1);
hold(82114,82286,1);
(82286,4);
hold(82286,83314,2);
(82629,1);
hold(82800,82971,3);
(83143,1);
(83314,4);
(83314,3);
hold(83486,83657,1);
(83657,2);
hold(83657,84000,3);
(84000,1);
(84086,2);
(84171,1);
(84257,3);
(84343,2);
(84429,4);
hold(84514,84686,1);
(84514,3);
(84600,4);
(84686,2);
(84686,4);
(84771,3);
(84857,1);
(84943,2);
hold(85029,86400,1);
hold(85029,86400,4);
(85371,2);
hold(85543,85714,3);
(85714,2);
hold(85886,86057,2);
(86057,3);
hold(86229,86400,3);
(86400,2);
(86571,1);
(86743,4);
(86743,2);
(86914,4);
(86914,3);
(87257,2);
(87343,3);
(87429,1);
(87429,4);
(87514,2);
(87600,3);
(87686,4);
(87771,1);
(87771,2);
(87857,3);
(87857,4);
(87943,1);
(87943,2);
(88029,3);
(88029,4);
hold(88114,88286,2);
hold(88286,88457,3);
(88457,4);
(88543,3);
(88629,2);
(88629,1);
(88800,3);
(88800,2);
hold(88971,89143,4);
(88971,3);
hold(89314,89657,3);
(89314,1);
(89400,1);
(89486,4);
hold(89657,90000,2);
hold(90000,90343,4);
hold(90171,90343,1);
(90514,3);
(90514,2);
hold(90686,90771,4);
(90857,3);
hold(90857,91886,1);
hold(91029,91200,2);
(91200,3);
hold(91371,91543,4);
(91371,3);
(91543,2);
(91714,4);
(91800,3);
(91886,4);
(91971,2);
(92057,3);
(92143,1);
hold(92229,92571,2);
(92400,1);
(92486,3);
hold(92571,92743,4);
hold(92743,92914,3);
(92743,2);
hold(92914,93086,2);
(92914,1);
hold(93086,93257,1);
(93257,2);
hold(93257,93771,4);
hold(93429,93600,3);
(93600,1);
hold(93771,94629,2);
(93943,3);
(94114,4);
(94114,1);
(94286,1);
(94457,3);
(94543,4);
(94629,1);
(94714,3);
(94800,4);
(94886,2);
hold(94971,95314,3);
(94971,1);
(95143,2);
(95314,4);
hold(95486,95743,4);
(95657,3);
hold(95743,96000,1);
hold(96000,96514,2);
(96000,4);
(96343,3);
(96343,1);
(96514,4);
(96686,2);
(96857,4);
(96857,3);
(97029,3);
(97029,1);
(97200,2);
(97286,1);
(97371,4);
(97457,2);
(97543,1);
(97629,3);
(97714,4);
(97800,2);
(97886,3);
(97971,1);
hold(98057,98229,4);
(98229,2);
hold(98229,98400,3);
hold(98400,98571,2);
(98400,1);
hold(98571,98743,1);
(98743,4);
(99086,4);
hold(99086,99257,3);
hold(99257,99771,4);
(99429,3);
(99600,2);
(99600,3);
hold(99771,100114,1);
(99771,2);
(99943,3);
(100114,4);
(100286,2);
(100457,1);
(100457,3);
(100629,4);
(100800,4);
(100971,1);
hold(100971,101486,2);
(101143,1);
(101143,3);
(101314,3);
(101486,1);
hold(101486,102000,4);
(101657,2);
(101829,2);
(101829,3);
hold(102000,102514,1);
(102171,3);
(102343,2);
(102343,4);
(102514,2);
(102514,3);
(102686,1);
(102857,2);
(102857,4);
(103029,3);
(103200,3);
(103200,2);
hold(103371,103714,4);
(103543,2);
hold(103714,104229,1);
(103886,3);
(103886,4);
(104057,2);
(104229,4);
hold(104229,104743,2);
(104571,1);
hold(104743,105257,3);
(104914,2);
(105086,1);
(105086,2);
(105257,1);
hold(105257,106286,4);
(105429,2);
(105600,3);
(105771,2);
(105943,1);
(106114,3);
(106114,2);
hold(106457,106971,1);
(106629,4);
(106629,2);
(106800,4);
(106971,2);
hold(106971,107486,3);
(107143,4);
(107314,1);
(107314,4);
hold(107486,108000,2);
(107657,3);
(107829,3);
(107829,1);
hold(108000,109200,1);
(108000,4);
(108171,3);
(108343,3);
(108343,2);
(108514,3);
(108686,4);
(108686,2);
(108857,2);
hold(108857,109200,3);
hold(109200,109371,4);
(109286,2);
(109371,3);
(109371,1);
hold(109714,112457,1);
hold(110571,110657,2);
hold(110743,110829,3);
hold(110914,111000,4);
hold(111257,111343,2);
hold(111600,111686,4);
hold(111943,112029,3);
hold(112457,115200,2);
hold(112800,112886,1);
hold(112971,113057,3);
hold(114343,114429,4);
hold(114429,114514,3);
hold(114514,114600,1);
hold(114686,114771,4);
hold(114857,114943,3);
hold(115029,115114,1);
hold(115200,117943,3);
hold(115714,115800,2);
hold(116914,117000,4);
hold(117429,117514,2);
hold(117686,117771,1);
hold(117943,119314,4);
hold(118457,118543,3);
hold(120000,120086,1);
hold(120171,120257,4);
hold(120343,120429,2);
hold(120514,120600,3);
hold(120686,123429,4);
hold(121200,121286,3);
hold(121714,121800,2);
hold(122914,123000,2);
hold(123429,126171,3);
hold(123943,124029,1);
hold(125314,125400,2);
hold(125657,125743,4);
hold(126171,128914,2);
hold(126686,126771,4);
hold(127200,127286,1);
hold(128400,128486,3);
hold(128914,130286,1);
hold(129429,129514,3);
hold(129943,130029,4);
hold(131143,131486,3);
hold(131143,131486,2);
hold(131657,134400,1);
hold(131657,134400,4);