AudioOffset:771
-
timing(0,175.00,4.00);
hold(0,5486,1);
hold(5486,10971,4);
(10971,2);
(11143,2);
(11314,2);
(11486,2);
(11657,2);
(11829,2);
(12000,2);
(12171,2);
(12343,2);
(12514,2);
(12686,2);
(12857,2);
(13029,2);
hold(13200,13371,3);
hold(13371,13543,2);
hold(13543,13714,1);
(13714,4);
(13886,4);
(14057,4);
(14229,2);
(14314,3);
(14400,1);
(14486,2);
(14571,3);
(14657,2);
(14743,1);
(14829,3);
hold(14914,15257,2);
hold(15257,15600,4);
hold(15600,15943,2);
hold(15943,16286,1);
(16286,2);
(16371,3);
(16457,4);
hold(16457,17486,2);
(16629,4);
(16800,4);
(16971,4);
(17143,4);
(17314,4);
(17486,4);
hold(17657,18171,3);
(17829,1);
(18000,1);
(18171,1);
hold(18343,18686,4);
(18514,2);
hold(18686,19029,3);
(18857,1);
hold(19029,19200,2);
(19200,4);
(19371,1);
(19543,2);
(19543,3);
(19714,4);
(19800,3);
(19886,4);
(20057,2);
(20229,4);
(20229,3);
hold(20400,21086,2);
(20571,1);
(20743,1);
(20914,1);
hold(21086,21429,3);
(21257,4);
(21429,2);
(21514,3);
(21600,4);
(21600,1);
(21943,2);
hold(21943,24000,1);
hold(22114,22286,3);
(22286,4);
hold(22457,22629,2);
(22629,3);
(22800,3);
(22800,4);
(22971,3);
(22971,2);
(23143,4);
(23229,3);
(23314,2);
hold(23486,23657,4);
(23657,3);
hold(23829,24000,2);
(24000,3);
(24171,2);
(24257,3);
(24343,4);
(24429,1);
(24514,2);
(24600,3);
hold(24686,25029,1);
(24686,2);
hold(24857,25029,3);
(25029,4);
hold(25200,25543,2);
(25371,3);
hold(25543,25714,4);
hold(25714,26057,1);
(25714,2);
(25886,3);
(25971,4);
(26057,2);
(26057,3);
hold(26229,26400,4);
(26400,2);
(26400,1);
(26571,3);
(26743,3);
(26914,2);
(27086,3);
hold(27086,27429,4);
(27257,2);
hold(27429,27943,1);
(27429,2);
hold(27600,27771,3);
(27771,4);
hold(27943,28457,2);
(28114,3);
(28286,4);
(28286,1);
hold(28457,28800,3);
(28629,2);
(28714,1);
hold(28800,29143,2);
hold(28971,29143,3);
(29143,1);
(29314,3);
hold(29486,29829,4);
hold(29657,29829,2);
(29829,3);
hold(30000,30171,1);
(30086,3);
hold(30171,30514,2);
hold(30343,30514,4);
(30514,3);
(30686,3);
(30857,1);
(31029,1);
(31029,2);
(31200,3);
(31200,4);
(31371,3);
(31457,1);
hold(31543,31886,2);
hold(31714,31886,4);
(31886,3);
(32057,1);
(32143,2);
(32229,1);
(32314,3);
(32400,2);
(32486,1);
(32571,4);
(32657,3);
(32743,2);
(32829,1);
(32914,3);
hold(32914,33257,4);
hold(33086,33257,2);
(33257,3);
hold(33257,33429,1);
hold(33429,33771,2);
(33600,4);
(33771,1);
hold(33771,34114,4);
(33943,3);
(33943,2);
hold(34114,34457,1);
(34200,3);
(34286,4);
(34286,2);
hold(34457,34800,3);
(34629,1);
(34629,4);
hold(34800,35143,2);
(34971,3);
hold(35143,35486,4);
(35229,3);
(35314,1);
(35400,2);
hold(35486,35657,3);
(35657,2);
hold(35657,36000,1);
hold(35829,36000,3);
hold(36000,36172,4);
(36000,2);
hold(36172,36514,3);
(36343,1);
hold(36514,36857,1);
(36514,4);
(36686,3);
(36686,2);
hold(36857,37200,4);
(36943,2);
(37029,3);
(37029,1);
hold(37200,37543,2);
(37372,1);
(37372,4);
hold(37543,37886,3);
(37714,2);
hold(37886,38229,1);
(37972,2);
(38057,4);
(38143,3);
(38229,4);
(38314,1);
(38400,2);
hold(38400,39086,3);
hold(38571,38743,4);
(38743,1);
hold(38914,39086,2);
(39086,4);
(39257,3);
(39257,2);
(39429,3);
hold(39429,39600,1);
hold(39600,39771,4);
hold(39771,40457,2);
(39771,3);
hold(39943,40114,1);
(40114,4);
hold(40286,40629,3);
hold(40629,40800,1);
(40629,4);
(40800,2);
hold(40971,41143,4);
(40971,3);
(41057,2);
hold(41143,41314,1);
(41314,2);
hold(41486,43200,4);
(41657,3);
hold(41829,43200,3);
(42000,2);
hold(42171,43200,2);
(42343,1);
hold(42514,43200,1);
(43371,4);
(43371,1);
(43543,3);
(43629,4);
(43714,2);
(43800,1);
hold(43886,44057,4);
hold(44057,44229,3);
(44229,4);
(44286,2);
(44343,3);
hold(44400,44743,1);
hold(44743,45086,2);
hold(45086,45429,3);
hold(45429,45771,4);
hold(45771,46114,1);
hold(46114,46457,4);
(46457,2);
(46543,3);
hold(46629,46800,1);
hold(46800,46972,2);
(46972,1);
(47029,3);
(47086,2);
hold(47143,47486,4);
hold(47486,47829,3);
hold(47657,47829,1);
hold(47829,48172,2);
hold(48172,48514,1);
hold(48514,48857,4);
hold(48857,49200,1);
hold(49200,49371,3);
hold(49371,49542,4);
hold(49542,49714,3);
(49714,4);
(49771,2);
(49828,3);
hold(49885,50228,1);
hold(50228,50571,2);
hold(50571,50914,3);
hold(50914,51256,4);
hold(51256,51599,1);
hold(51599,51942,4);
hold(51943,52114,2);
hold(52114,52371,1);
(52371,2);
hold(52457,52629,3);
hold(52628,52971,4);
hold(52971,53314,3);
hold(53314,53657,2);
hold(53657,53999,1);
hold(54000,54686,4);
hold(54342,54685,1);
(54686,3);
(54771,2);
(54857,1);
hold(54857,56229,3);
hold(55029,55200,4);
hold(55200,55371,2);
(55371,1);
hold(55371,55714,4);
(55543,2);
(55714,1);
hold(55714,56057,2);
hold(56057,56400,1);
hold(56400,56743,4);
hold(56743,57086,2);
(56829,3);
(56914,1);
hold(57086,57429,4);
(57257,3);
hold(57429,57600,1);
(57514,3);
hold(57600,58972,2);
(57600,4);
hold(57772,57943,1);
hold(57943,58114,3);
(58114,4);
hold(58114,58457,1);
(58286,3);
hold(58457,58800,3);
(58457,4);
hold(58629,58800,1);
hold(58800,59143,4);
(58886,3);
hold(59143,59486,1);
hold(59486,59829,3);
(59572,2);
(59657,1);
(59657,4);
hold(59829,60172,1);
(59914,4);
(60000,2);
(60086,3);
hold(60172,60343,4);
(60257,1);
(60343,3);
(60343,2);
(60514,1);
(60514,2);
(60686,4);
(60686,3);
(60771,2);
hold(60857,61200,3);
(60857,1);
(61029,4);
(61029,2);
(61200,2);
(61200,4);
hold(61371,61714,2);
(61371,4);
(61543,3);
(61543,1);
(61714,3);
(61714,1);
(61886,2);
(61886,4);
(62057,1);
(62057,3);
hold(62229,62400,4);
(62229,3);
(62400,2);
(62571,2);
hold(62571,62743,1);
(62743,4);
hold(62743,62914,3);
(62914,1);
hold(62914,63086,2);
(63086,4);
(63086,1);
(63171,2);
(63257,3);
(63343,2);
(63429,1);
(63429,3);
(63514,4);
(63600,2);
(63686,3);
(63771,4);
(63771,1);
(63856,3);
(63942,2);
(64028,3);
(64114,4);
(64114,2);
(64199,1);
(64285,3);
(64371,2);
hold(64457,65314,1);
hold(64457,65314,4);
(64629,3);
(64800,2);
(64886,3);
(64971,2);
(65143,3);
(65314,2);
(65400,3);
(65486,1);
(65486,4);
(65571,2);
(65657,3);
(65743,4);